2 51.107771 17.061177
2 51.107471 17.061043
2 51.107168 17.061064
2 51.107195 17.061815
2 51.107195 17.061815
2 51.107134 17.063349
2 51.107242 17.063961
2 51.107976 17.064551
2 51.108216 17.063891
2 51.108216 17.063891
2 51.108573 17.061445
2 51.107771 17.061177
7 51.110772 16.877307
7 51.110523 16.879067
7 51.110206 16.880365
7 51.109689 16.882154
7 51.109615 16.883828
7 51.110807 16.884472
7 51.111359 16.883893
7 51.111763 16.882445
7 51.112645 16.879377
7 51.111958 16.878605
7 51.111055 16.877854
7 51.110772 16.877307
16 51.157033 16.978610
16 51.157087 16.978932
16 51.156152 16.979018
16 51.154947 16.979157
16 51.153951 16.979468
16 51.153063 16.979758
16 51.152356 16.980745
16 51.151421 16.981904
16 51.152498 16.980445
16 51.154315 16.979382
16 51.155183 16.979157
16 51.156186 16.978975
